group	fill	colour	clickSelects
152	#FFFFFF	#D3D3D3	270
153	#FFFFFF	#D3D3D3	270
154	#FFFFFF	#D3D3D3	270
165	#FFFFFF	#D3D3D3	270
176	#FFFFFF	#D3D3D3	270
187	#FFFFFF	#D3D3D3	269
198	#FFFFFF	#D3D3D3	269
203	#FFFFFF	#D3D3D3	269
204	#FFFFFF	#D3D3D3	270
205	#FFFFFF	#D3D3D3	270
216	#FFFFFF	#D3D3D3	270
227	#FFFFFF	#D3D3D3	270
238	#FFFFFF	#D3D3D3	269
248	#FFFFFF	#D3D3D3	269
253	#FFFFFF	#D3D3D3	269
254	#FFFFFF	#D3D3D3	269
255	#FFFFFF	#D3D3D3	270
266	#FFFFFF	#D3D3D3	270
277	#FFFFFF	#D3D3D3	270
288	#FFFFFF	#D3D3D3	270
299	#FFFFFF	#D3D3D3	269
300	#FFFFFF	#D3D3D3	269
304	#FFFFFF	#D3D3D3	269
305	#FFFFFF	#D3D3D3	270
306	#FFFFFF	#D3D3D3	270
317	#FFFFFF	#D3D3D3	270
328	#FFFFFF	#D3D3D3	270
339	#FFFFFF	#D3D3D3	269
349	#FFFFFF	#D3D3D3	269
350	#FFFFFF	#D3D3D3	269
354	#FFFFFF	#D3D3D3	269
355	#FFFFFF	#D3D3D3	269
356	#FFFFFF	#D3D3D3	270
367	#FFFFFF	#D3D3D3	270
378	#FFFFFF	#D3D3D3	270
389	#FFFFFF	#D3D3D3	269
400	#FFFFFF	#D3D3D3	269
401	#FFFFFF	#D3D3D3	269
402	#FFFFFF	#D3D3D3	269
405	#FFFFFF	#D3D3D3	269
406	#FFFFFF	#D3D3D3	270
407	#FFFFFF	#D3D3D3	269
418	#FFFFFF	#D3D3D3	270
429	#FFFFFF	#D3D3D3	269
440	#FFFFFF	#D3D3D3	269
450	#FFFFFF	#D3D3D3	269
451	#FFFFFF	#D3D3D3	269
452	#FFFFFF	#D3D3D3	269
455	#FFFFFF	#D3D3D3	269
456	#FFFFFF	#D3D3D3	269
457	#FFFFFF	#D3D3D3	269
468	#FFFFFF	#D3D3D3	270
479	#FFFFFF	#D3D3D3	269
490	#FFFFFF	#D3D3D3	269
501	#FFFFFF	#D3D3D3	269
502	#FFFFFF	#D3D3D3	269
503	#FFFFFF	#D3D3D3	269
504	#FFFFFF	#D3D3D3	269
506	#FFFFFF	#D3D3D3	269
507	#FFFFFF	#D3D3D3	269
508	#FFFFFF	#D3D3D3	269
519	#FFFFFF	#D3D3D3	269
530	#FFFFFF	#D3D3D3	269
541	#FFFFFF	#D3D3D3	269
551	#FFFFFF	#D3D3D3	269
552	#FFFFFF	#D3D3D3	269
553	#FFFFFF	#D3D3D3	269
554	#FFFFFF	#D3D3D3	271
556	#FFFFFF	#D3D3D3	269
557	#FFFFFF	#D3D3D3	269
558	#FFFFFF	#D3D3D3	269
569	#FFFFFF	#D3D3D3	269
580	#FFFFFF	#D3D3D3	269
591	#FFFFFF	#D3D3D3	269
602	#FFFFFF	#D3D3D3	269
603	#FFFFFF	#D3D3D3	269
604	#FFFFFF	#D3D3D3	269
605	#FFFFFF	#D3D3D3	269
606	#FFFFFF	#D3D3D3	271
607	#FFFFFF	#D3D3D3	269
608	#FFFFFF	#D3D3D3	269
609	#FFFFFF	#D3D3D3	269
620	#FFFFFF	#D3D3D3	269
631	#FFFFFF	#D3D3D3	269
642	#FFFFFF	#D3D3D3	269
652	#FFFFFF	#D3D3D3	269
653	#FFFFFF	#D3D3D3	269
654	#FFFFFF	#D3D3D3	269
655	#FFFFFF	#D3D3D3	271
656	#FFFFFF	#D3D3D3	271
657	#FFFFFF	#D3D3D3	269
658	#FFFFFF	#D3D3D3	269
659	#FFFFFF	#D3D3D3	269
660	#FFFFFF	#D3D3D3	271
670	#FFFFFF	#D3D3D3	269
681	#FFFFFF	#D3D3D3	269
692	#FFFFFF	#D3D3D3	269
703	#FFFFFF	#D3D3D3	269
704	#FFFFFF	#D3D3D3	269
705	#FFFFFF	#D3D3D3	269
706	#FFFFFF	#D3D3D3	271
707	#FFFFFF	#D3D3D3	271
708	#FFFFFF	#D3D3D3	269
709	#FFFFFF	#D3D3D3	269
710	#FFFFFF	#D3D3D3	269
711	#FFFFFF	#D3D3D3	271
721	#FFFFFF	#D3D3D3	269
732	#FFFFFF	#D3D3D3	269
743	#FFFFFF	#D3D3D3	269
753	#FFFFFF	#D3D3D3	269
754	#FFFFFF	#D3D3D3	269
755	#FFFFFF	#D3D3D3	269
756	#FFFFFF	#D3D3D3	271
757	#FFFFFF	#D3D3D3	271
758	#FFFFFF	#D3D3D3	269
759	#FFFFFF	#D3D3D3	543
760	#FFFFFF	#D3D3D3	269
761	#FFFFFF	#D3D3D3	271
762	#FFFFFF	#D3D3D3	271
771	#FFFFFF	#D3D3D3	543
782	#FFFFFF	#D3D3D3	269
793	#FFFFFF	#D3D3D3	269
804	#FFFFFF	#D3D3D3	269
805	#FFFFFF	#D3D3D3	269
806	#FFFFFF	#D3D3D3	269
807	#FFFFFF	#D3D3D3	269
808	#FFFFFF	#D3D3D3	271
809	#FFFFFF	#D3D3D3	543
810	#FFFFFF	#D3D3D3	543
811	#FFFFFF	#D3D3D3	543
812	#FFFFFF	#D3D3D3	271
813	#FFFFFF	#D3D3D3	271
822	#FFFFFF	#D3D3D3	269
833	#FFFFFF	#D3D3D3	269
844	#FFFFFF	#D3D3D3	269
854	#FFFFFF	#D3D3D3	269
855	#FFFFFF	#D3D3D3	269
856	#FFFFFF	#D3D3D3	269
857	#FFFFFF	#D3D3D3	269
858	#FFFFFF	#D3D3D3	271
859	#FFFFFF	#D3D3D3	543
860	#FFFFFF	#D3D3D3	543
861	#FFFFFF	#D3D3D3	543
862	#FFFFFF	#D3D3D3	271
863	#FFFFFF	#D3D3D3	271
864	#FFFFFF	#D3D3D3	271
872	#FFFFFF	#D3D3D3	543
883	#FFFFFF	#D3D3D3	269
894	#FFFFFF	#D3D3D3	269
905	#FFFFFF	#D3D3D3	269
906	#FFFFFF	#D3D3D3	269
907	#FFFFFF	#D3D3D3	269
908	#FFFFFF	#D3D3D3	269
909	#FFFFFF	#D3D3D3	271
910	#FFFFFF	#D3D3D3	543
911	#FFFFFF	#D3D3D3	543
912	#FFFFFF	#D3D3D3	269
913	#FFFFFF	#D3D3D3	271
914	#FFFFFF	#D3D3D3	271
915	#FFFFFF	#D3D3D3	271
923	#FFFFFF	#D3D3D3	269
934	#FFFFFF	#D3D3D3	269
945	#FFFFFF	#D3D3D3	269
955	#FFFFFF	#D3D3D3	269
956	#FFFFFF	#D3D3D3	269
957	#FFFFFF	#D3D3D3	269
958	#FFFFFF	#D3D3D3	271
959	#FFFFFF	#D3D3D3	271
960	#FFFFFF	#D3D3D3	543
961	#FFFFFF	#D3D3D3	543
962	#FFFFFF	#D3D3D3	269
963	#FFFFFF	#D3D3D3	269
964	#FFFFFF	#D3D3D3	271
965	#FFFFFF	#D3D3D3	271
966	#FFFFFF	#D3D3D3	271
973	#FFFFFF	#D3D3D3	269
984	#FFFFFF	#D3D3D3	269
995	#FFFFFF	#D3D3D3	269
1006	#FFFFFF	#D3D3D3	269
1007	#FFFFFF	#D3D3D3	269
1008	#FFFFFF	#D3D3D3	269
1009	#FFFFFF	#D3D3D3	271
1010	#FFFFFF	#D3D3D3	271
1011	#FFFFFF	#D3D3D3	543
1012	#FFFFFF	#D3D3D3	269
1013	#FFFFFF	#D3D3D3	269
1014	#FFFFFF	#D3D3D3	269
1015	#FFFFFF	#D3D3D3	271
1016	#FFFFFF	#D3D3D3	271
1017	#FFFFFF	#D3D3D3	271
1024	#FFFFFF	#D3D3D3	269
1035	#FFFFFF	#D3D3D3	269
1046	#FFFFFF	#D3D3D3	269
1056	#FFFFFF	#D3D3D3	269
1057	#FFFFFF	#D3D3D3	269
1058	#FFFFFF	#D3D3D3	271
1059	#FFFFFF	#D3D3D3	269
1060	#FFFFFF	#D3D3D3	271
1061	#FFFFFF	#D3D3D3	543
1062	#FFFFFF	#D3D3D3	543
1063	#FFFFFF	#D3D3D3	269
1064	#FFFFFF	#D3D3D3	269
1065	#FFFFFF	#D3D3D3	269
1066	#FFFFFF	#D3D3D3	271
1067	#FFFFFF	#D3D3D3	271
1068	#FFFFFF	#D3D3D3	271
1074	#FFFFFF	#D3D3D3	269
1085	#FFFFFF	#D3D3D3	269
1096	#FFFFFF	#D3D3D3	269
1107	#FFFFFF	#D3D3D3	269
1108	#FFFFFF	#D3D3D3	269
1109	#FFFFFF	#D3D3D3	269
1110	#FFFFFF	#D3D3D3	269
1111	#FFFFFF	#D3D3D3	271
1112	#FFFFFF	#D3D3D3	543
1113	#FFFFFF	#D3D3D3	543
1114	#FFFFFF	#D3D3D3	269
1115	#FFFFFF	#D3D3D3	269
1116	#FFFFFF	#D3D3D3	269
1117	#FFFFFF	#D3D3D3	271
1118	#FFFFFF	#D3D3D3	269
1119	#FFFFFF	#D3D3D3	271
1125	#FFFFFF	#D3D3D3	269
1136	#FFFFFF	#D3D3D3	269
1147	#FFFFFF	#D3D3D3	269
1157	#FFFFFF	#D3D3D3	269
1158	#FFFFFF	#D3D3D3	269
1159	#FFFFFF	#D3D3D3	269
1160	#FFFFFF	#D3D3D3	269
1161	#FFFFFF	#D3D3D3	271
1263	#FFFFFF	#D3D3D3	269
1264	#FFFFFF	#D3D3D3	543
1265	#FFFFFF	#D3D3D3	269
1266	#FFFFFF	#D3D3D3	269
1267	#FFFFFF	#D3D3D3	269
1268	#FFFFFF	#D3D3D3	269
1269	#FFFFFF	#D3D3D3	269
1270	#FFFFFF	#D3D3D3	269
1271	#FFFFFF	#D3D3D3	271
1276	#FFFFFF	#D3D3D3	269
1287	#FFFFFF	#D3D3D3	269
1298	#FFFFFF	#D3D3D3	269
1309	#FFFFFF	#D3D3D3	269
1310	#FFFFFF	#D3D3D3	269
1311	#FFFFFF	#D3D3D3	269
1312	#FFFFFF	#D3D3D3	269
1313	#FFFFFF	#D3D3D3	269
1314	#FFFFFF	#D3D3D3	269
1315	#FFFFFF	#D3D3D3	269
1316	#FFFFFF	#D3D3D3	269
1317	#FFFFFF	#D3D3D3	269
1318	#FFFFFF	#D3D3D3	269
1319	#FFFFFF	#D3D3D3	269
1320	#FFFFFF	#D3D3D3	269
1321	#FFFFFF	#D3D3D3	271
1322	#FFFFFF	#D3D3D3	271
1327	#FFFFFF	#D3D3D3	269
1338	#FFFFFF	#D3D3D3	269
1349	#FFFFFF	#D3D3D3	269
1359	#FFFFFF	#D3D3D3	269
1360	#FFFFFF	#D3D3D3	269
1361	#FFFFFF	#D3D3D3	62
1362	#FFFFFF	#D3D3D3	62
1363	#FFFFFF	#D3D3D3	269
1364	#FFFFFF	#D3D3D3	269
1365	#FFFFFF	#D3D3D3	269
1366	#FFFFFF	#D3D3D3	269
1367	#FFFFFF	#D3D3D3	269
1368	#FFFFFF	#D3D3D3	269
1369	#FFFFFF	#D3D3D3	269
1370	#FFFFFF	#D3D3D3	269
1371	#FFFFFF	#D3D3D3	271
1372	#FFFFFF	#D3D3D3	271
1373	#FFFFFF	#D3D3D3	271
1377	#FFFFFF	#D3D3D3	269
1388	#FFFFFF	#D3D3D3	269
1399	#FFFFFF	#D3D3D3	269
1410	#FFFFFF	#D3D3D3	269
1411	#FFFFFF	#D3D3D3	269
1412	#FFFFFF	#D3D3D3	62
1413	#FFFFFF	#D3D3D3	62
1414	#FFFFFF	#D3D3D3	269
1415	#FFFFFF	#D3D3D3	269
1416	#FFFFFF	#D3D3D3	269
1417	#FFFFFF	#D3D3D3	269
1418	#FFFFFF	#D3D3D3	269
1419	#FFFFFF	#D3D3D3	269
1420	#FFFFFF	#D3D3D3	269
1421	#FFFFFF	#D3D3D3	269
1422	#FFFFFF	#D3D3D3	271
1423	#FFFFFF	#D3D3D3	271
1424	#FFFFFF	#D3D3D3	271
1428	#FFFFFF	#D3D3D3	269
1439	#FFFFFF	#D3D3D3	269
1450	#FFFFFF	#D3D3D3	269
1460	#FFFFFF	#D3D3D3	269
1461	#FFFFFF	#D3D3D3	62
1462	#FFFFFF	#D3D3D3	62
1463	#FFFFFF	#D3D3D3	62
1464	#FFFFFF	#D3D3D3	62
1465	#FFFFFF	#D3D3D3	269
1466	#FFFFFF	#D3D3D3	269
1467	#FFFFFF	#D3D3D3	269
1468	#FFFFFF	#D3D3D3	62
1469	#FFFFFF	#D3D3D3	269
1470	#FFFFFF	#D3D3D3	269
1471	#FFFFFF	#D3D3D3	269
1472	#FFFFFF	#D3D3D3	271
1473	#FFFFFF	#D3D3D3	271
1474	#FFFFFF	#D3D3D3	271
1475	#FFFFFF	#D3D3D3	269
1478	#FFFFFF	#D3D3D3	269
1489	#FFFFFF	#D3D3D3	269
1500	#FFFFFF	#D3D3D3	269
1511	#FFFFFF	#D3D3D3	62
1512	#FFFFFF	#D3D3D3	62
1513	#FFFFFF	#D3D3D3	62
1514	#FFFFFF	#D3D3D3	62
1515	#FFFFFF	#D3D3D3	62
1516	#FFFFFF	#D3D3D3	269
1517	#FFFFFF	#D3D3D3	269
1518	#FFFFFF	#D3D3D3	269
1519	#FFFFFF	#D3D3D3	62
1520	#FFFFFF	#D3D3D3	269
1521	#FFFFFF	#D3D3D3	269
1522	#FFFFFF	#D3D3D3	271
1523	#FFFFFF	#D3D3D3	271
1524	#FFFFFF	#D3D3D3	271
1525	#FFFFFF	#D3D3D3	271
1526	#FFFFFF	#D3D3D3	269
1529	#FFFFFF	#D3D3D3	269
1540	#FFFFFF	#D3D3D3	269
1551	#FFFFFF	#D3D3D3	62
1561	#FFFFFF	#D3D3D3	62
1562	#FFFFFF	#D3D3D3	62
1563	#FFFFFF	#D3D3D3	62
1564	#FFFFFF	#D3D3D3	62
1565	#FFFFFF	#D3D3D3	62
1566	#FFFFFF	#D3D3D3	269
1567	#FFFFFF	#D3D3D3	269
1568	#FFFFFF	#D3D3D3	269
1569	#FFFFFF	#D3D3D3	269
1570	#FFFFFF	#D3D3D3	62
1571	#FFFFFF	#D3D3D3	269
1572	#FFFFFF	#D3D3D3	271
1573	#FFFFFF	#D3D3D3	271
1574	#FFFFFF	#D3D3D3	271
1575	#FFFFFF	#D3D3D3	271
1576	#FFFFFF	#D3D3D3	271
1577	#FFFFFF	#D3D3D3	269
1579	#FFFFFF	#D3D3D3	62
1590	#FFFFFF	#D3D3D3	62
1601	#FFFFFF	#D3D3D3	62
1612	#FFFFFF	#D3D3D3	62
1613	#FFFFFF	#D3D3D3	62
1614	#FFFFFF	#D3D3D3	62
1615	#FFFFFF	#D3D3D3	62
1616	#FFFFFF	#D3D3D3	62
1617	#FFFFFF	#D3D3D3	269
1618	#FFFFFF	#D3D3D3	269
1619	#FFFFFF	#D3D3D3	269
1620	#FFFFFF	#D3D3D3	62
1621	#FFFFFF	#D3D3D3	269
1622	#FFFFFF	#D3D3D3	271
1623	#FFFFFF	#D3D3D3	271
1624	#FFFFFF	#D3D3D3	271
1625	#FFFFFF	#D3D3D3	271
1626	#FFFFFF	#D3D3D3	271
1627	#FFFFFF	#D3D3D3	271
1628	#FFFFFF	#D3D3D3	269
1630	#FFFFFF	#D3D3D3	62
1641	#FFFFFF	#D3D3D3	62
1652	#FFFFFF	#D3D3D3	62
1662	#FFFFFF	#D3D3D3	62
1663	#FFFFFF	#D3D3D3	62
1664	#FFFFFF	#D3D3D3	62
1665	#FFFFFF	#D3D3D3	62
1666	#FFFFFF	#D3D3D3	269
1667	#FFFFFF	#D3D3D3	269
1668	#FFFFFF	#D3D3D3	269
1669	#FFFFFF	#D3D3D3	62
1670	#FFFFFF	#D3D3D3	62
1671	#FFFFFF	#D3D3D3	269
1672	#FFFFFF	#D3D3D3	271
1673	#FFFFFF	#D3D3D3	271
1674	#FFFFFF	#D3D3D3	271
1675	#FFFFFF	#D3D3D3	271
1676	#FFFFFF	#D3D3D3	271
1677	#FFFFFF	#D3D3D3	271
1678	#FFFFFF	#D3D3D3	271
1679	#FFFFFF	#D3D3D3	269
1680	#FFFFFF	#D3D3D3	62
1691	#FFFFFF	#D3D3D3	62
1702	#FFFFFF	#D3D3D3	62
1713	#FFFFFF	#D3D3D3	62
1714	#FFFFFF	#D3D3D3	62
1715	#FFFFFF	#D3D3D3	62
1716	#FFFFFF	#D3D3D3	62
1717	#FFFFFF	#D3D3D3	269
1718	#FFFFFF	#D3D3D3	62
1719	#FFFFFF	#D3D3D3	62
1720	#FFFFFF	#D3D3D3	62
1721	#FFFFFF	#D3D3D3	62
1722	#FFFFFF	#D3D3D3	269
1723	#FFFFFF	#D3D3D3	271
1724	#FFFFFF	#D3D3D3	271
1725	#FFFFFF	#D3D3D3	271
1726	#FFFFFF	#D3D3D3	271
1727	#FFFFFF	#D3D3D3	271
1728	#FFFFFF	#D3D3D3	271
1729	#FFFFFF	#D3D3D3	271
1730	#FFFFFF	#D3D3D3	269
1731	#FFFFFF	#D3D3D3	62
1742	#FFFFFF	#D3D3D3	62
1753	#FFFFFF	#D3D3D3	62
1763	#FFFFFF	#D3D3D3	62
1764	#FFFFFF	#D3D3D3	62
1765	#FFFFFF	#D3D3D3	62
1766	#FFFFFF	#D3D3D3	269
1767	#FFFFFF	#D3D3D3	62
1768	#FFFFFF	#D3D3D3	62
1769	#FFFFFF	#D3D3D3	62
1770	#FFFFFF	#D3D3D3	62
1771	#FFFFFF	#D3D3D3	269
1772	#FFFFFF	#D3D3D3	269
1773	#FFFFFF	#D3D3D3	269
1774	#FFFFFF	#D3D3D3	271
1775	#FFFFFF	#D3D3D3	271
1776	#FFFFFF	#D3D3D3	271
1777	#FFFFFF	#D3D3D3	271
1778	#FFFFFF	#D3D3D3	271
1779	#FFFFFF	#D3D3D3	271
1780	#FFFFFF	#D3D3D3	271
1781	#FFFFFF	#D3D3D3	62
1782	#FFFFFF	#D3D3D3	269
1792	#FFFFFF	#D3D3D3	62
1803	#FFFFFF	#D3D3D3	62
1814	#FFFFFF	#D3D3D3	62
1815	#FFFFFF	#D3D3D3	62
1816	#FFFFFF	#D3D3D3	269
1817	#FFFFFF	#D3D3D3	269
1818	#FFFFFF	#D3D3D3	62
1819	#FFFFFF	#D3D3D3	62
1820	#FFFFFF	#D3D3D3	62
1821	#FFFFFF	#D3D3D3	62
1822	#FFFFFF	#D3D3D3	269
1823	#FFFFFF	#D3D3D3	269
1824	#FFFFFF	#D3D3D3	271
1825	#FFFFFF	#D3D3D3	271
1826	#FFFFFF	#D3D3D3	271
1827	#FFFFFF	#D3D3D3	271
1828	#FFFFFF	#D3D3D3	271
1829	#FFFFFF	#D3D3D3	271
1830	#FFFFFF	#D3D3D3	271
1831	#FFFFFF	#D3D3D3	269
1832	#FFFFFF	#D3D3D3	62
1833	#FFFFFF	#D3D3D3	269
1843	#FFFFFF	#D3D3D3	62
1854	#FFFFFF	#D3D3D3	269
1864	#FFFFFF	#D3D3D3	62
1865	#FFFFFF	#D3D3D3	269
1866	#FFFFFF	#D3D3D3	269
1867	#FFFFFF	#D3D3D3	269
1868	#FFFFFF	#D3D3D3	62
1869	#FFFFFF	#D3D3D3	62
1870	#FFFFFF	#D3D3D3	62
1871	#FFFFFF	#D3D3D3	62
1872	#FFFFFF	#D3D3D3	269
1873	#FFFFFF	#D3D3D3	269
1874	#FFFFFF	#D3D3D3	271
1875	#FFFFFF	#D3D3D3	271
1876	#FFFFFF	#D3D3D3	271
1877	#FFFFFF	#D3D3D3	271
1878	#FFFFFF	#D3D3D3	271
1879	#FFFFFF	#D3D3D3	271
1880	#FFFFFF	#D3D3D3	271
1881	#FFFFFF	#D3D3D3	269
1882	#FFFFFF	#D3D3D3	62
1883	#FFFFFF	#D3D3D3	269
1884	#FFFFFF	#D3D3D3	269
1893	#FFFFFF	#D3D3D3	62
1904	#FFFFFF	#D3D3D3	269
1915	#FFFFFF	#D3D3D3	269
1916	#FFFFFF	#D3D3D3	62
1917	#FFFFFF	#D3D3D3	269
1918	#FFFFFF	#D3D3D3	269
1919	#FFFFFF	#D3D3D3	269
1920	#FFFFFF	#D3D3D3	62
1921	#FFFFFF	#D3D3D3	62
1922	#FFFFFF	#D3D3D3	62
1923	#FFFFFF	#D3D3D3	269
1924	#FFFFFF	#D3D3D3	269
1925	#FFFFFF	#D3D3D3	271
1926	#FFFFFF	#D3D3D3	271
1927	#FFFFFF	#D3D3D3	271
1928	#FFFFFF	#D3D3D3	271
1929	#FFFFFF	#D3D3D3	271
1930	#FFFFFF	#D3D3D3	271
1931	#FFFFFF	#D3D3D3	269
1932	#FFFFFF	#D3D3D3	269
1933	#FFFFFF	#D3D3D3	62
1934	#FFFFFF	#D3D3D3	269
1935	#FFFFFF	#D3D3D3	269
1944	#FFFFFF	#D3D3D3	269
1955	#FFFFFF	#D3D3D3	269
1965	#FFFFFF	#D3D3D3	62
1966	#FFFFFF	#D3D3D3	269
1967	#FFFFFF	#D3D3D3	269
1968	#FFFFFF	#D3D3D3	269
1969	#FFFFFF	#D3D3D3	269
1970	#FFFFFF	#D3D3D3	62
1971	#FFFFFF	#D3D3D3	62
1972	#FFFFFF	#D3D3D3	62
1973	#FFFFFF	#D3D3D3	269
1974	#FFFFFF	#D3D3D3	269
1975	#FFFFFF	#D3D3D3	271
1976	#FFFFFF	#D3D3D3	271
1977	#FFFFFF	#D3D3D3	271
1978	#FFFFFF	#D3D3D3	271
1979	#FFFFFF	#D3D3D3	271
1980	#FFFFFF	#D3D3D3	271
1981	#FFFFFF	#D3D3D3	269
1982	#FFFFFF	#D3D3D3	269
1983	#FFFFFF	#D3D3D3	62
1984	#FFFFFF	#D3D3D3	269
1985	#FFFFFF	#D3D3D3	269
1986	#FFFFFF	#D3D3D3	269
1994	#FFFFFF	#D3D3D3	62
2005	#FFFFFF	#D3D3D3	269
2016	#FFFFFF	#D3D3D3	269
2017	#FFFFFF	#D3D3D3	269
2018	#FFFFFF	#D3D3D3	271
2019	#FFFFFF	#D3D3D3	269
2020	#FFFFFF	#D3D3D3	269
2021	#FFFFFF	#D3D3D3	62
2022	#FFFFFF	#D3D3D3	62
2023	#FFFFFF	#D3D3D3	62
2024	#FFFFFF	#D3D3D3	269
2025	#FFFFFF	#D3D3D3	269
2026	#FFFFFF	#D3D3D3	269
2027	#FFFFFF	#D3D3D3	271
2028	#FFFFFF	#D3D3D3	271
2029	#FFFFFF	#D3D3D3	271
2030	#FFFFFF	#D3D3D3	271
2031	#FFFFFF	#D3D3D3	269
2032	#FFFFFF	#D3D3D3	269
2033	#FFFFFF	#D3D3D3	269
2034	#FFFFFF	#D3D3D3	62
2035	#FFFFFF	#D3D3D3	269
2036	#FFFFFF	#D3D3D3	269
2037	#FFFFFF	#D3D3D3	269
2045	#FFFFFF	#D3D3D3	62
2056	#FFFFFF	#D3D3D3	269
2066	#FFFFFF	#D3D3D3	269
2067	#FFFFFF	#D3D3D3	269
2068	#FFFFFF	#D3D3D3	271
2069	#FFFFFF	#D3D3D3	271
2070	#FFFFFF	#D3D3D3	271
2071	#FFFFFF	#D3D3D3	62
2072	#FFFFFF	#D3D3D3	62
2073	#FFFFFF	#D3D3D3	62
2074	#FFFFFF	#D3D3D3	269
2075	#FFFFFF	#D3D3D3	269
2076	#FFFFFF	#D3D3D3	269
2077	#FFFFFF	#D3D3D3	271
2078	#FFFFFF	#D3D3D3	271
2079	#FFFFFF	#D3D3D3	269
2080	#FFFFFF	#D3D3D3	269
2081	#FFFFFF	#D3D3D3	269
2082	#FFFFFF	#D3D3D3	269
2083	#FFFFFF	#D3D3D3	269
2084	#FFFFFF	#D3D3D3	62
2085	#FFFFFF	#D3D3D3	269
2086	#FFFFFF	#D3D3D3	269
2087	#FFFFFF	#D3D3D3	269
2088	#FFFFFF	#D3D3D3	269
2095	#FFFFFF	#D3D3D3	62
2106	#FFFFFF	#D3D3D3	62
2117	#FFFFFF	#D3D3D3	269
2118	#FFFFFF	#D3D3D3	269
2119	#FFFFFF	#D3D3D3	271
2120	#FFFFFF	#D3D3D3	271
2121	#FFFFFF	#D3D3D3	271
2122	#FFFFFF	#D3D3D3	62
2123	#FFFFFF	#D3D3D3	62
2124	#FFFFFF	#D3D3D3	62
2125	#FFFFFF	#D3D3D3	269
2126	#FFFFFF	#D3D3D3	269
2127	#FFFFFF	#D3D3D3	271
2128	#FFFFFF	#D3D3D3	271
2129	#FFFFFF	#D3D3D3	269
2130	#FFFFFF	#D3D3D3	269
2131	#FFFFFF	#D3D3D3	269
2132	#FFFFFF	#D3D3D3	269
2133	#FFFFFF	#D3D3D3	269
2134	#FFFFFF	#D3D3D3	269
2135	#FFFFFF	#D3D3D3	62
2136	#FFFFFF	#D3D3D3	269
2137	#FFFFFF	#D3D3D3	269
2138	#FFFFFF	#D3D3D3	269
2139	#FFFFFF	#D3D3D3	269
2146	#FFFFFF	#D3D3D3	62
2157	#FFFFFF	#D3D3D3	269
2167	#FFFFFF	#D3D3D3	269
2168	#FFFFFF	#D3D3D3	269
2169	#FFFFFF	#D3D3D3	271
2170	#FFFFFF	#D3D3D3	271
2171	#FFFFFF	#D3D3D3	269
2172	#FFFFFF	#D3D3D3	62
2173	#FFFFFF	#D3D3D3	62
2174	#FFFFFF	#D3D3D3	62
2175	#FFFFFF	#D3D3D3	269
2176	#FFFFFF	#D3D3D3	271
2177	#FFFFFF	#D3D3D3	271
2178	#FFFFFF	#D3D3D3	271
2179	#FFFFFF	#D3D3D3	269
2180	#FFFFFF	#D3D3D3	269
2181	#FFFFFF	#D3D3D3	269
2182	#FFFFFF	#D3D3D3	269
2183	#FFFFFF	#D3D3D3	269
2184	#FFFFFF	#D3D3D3	269
2185	#FFFFFF	#D3D3D3	62
2186	#FFFFFF	#D3D3D3	269
2187	#FFFFFF	#D3D3D3	269
2188	#FFFFFF	#D3D3D3	269
2189	#FFFFFF	#D3D3D3	269
2190	#FFFFFF	#D3D3D3	269
2196	#FFFFFF	#D3D3D3	62
2207	#FFFFFF	#D3D3D3	269
2218	#FFFFFF	#D3D3D3	269
2219	#FFFFFF	#D3D3D3	269
2220	#FFFFFF	#D3D3D3	271
2221	#FFFFFF	#D3D3D3	271
2222	#FFFFFF	#D3D3D3	271
2223	#FFFFFF	#D3D3D3	62
2224	#FFFFFF	#D3D3D3	62
2225	#FFFFFF	#D3D3D3	62
2226	#FFFFFF	#D3D3D3	271
2227	#FFFFFF	#D3D3D3	271
2228	#FFFFFF	#D3D3D3	271
2229	#FFFFFF	#D3D3D3	269
2230	#FFFFFF	#D3D3D3	269
2231	#FFFFFF	#D3D3D3	269
2232	#FFFFFF	#D3D3D3	269
2233	#FFFFFF	#D3D3D3	269
2234	#FFFFFF	#D3D3D3	269
2235	#FFFFFF	#D3D3D3	269
2236	#FFFFFF	#D3D3D3	62
2237	#FFFFFF	#D3D3D3	269
2238	#FFFFFF	#D3D3D3	269
2239	#FFFFFF	#D3D3D3	269
2240	#FFFFFF	#D3D3D3	269
2241	#FFFFFF	#D3D3D3	269
2247	#FFFFFF	#D3D3D3	269
2258	#FFFFFF	#D3D3D3	269
2268	#FFFFFF	#D3D3D3	269
2269	#FFFFFF	#D3D3D3	271
2270	#FFFFFF	#D3D3D3	271
2271	#FFFFFF	#D3D3D3	271
2272	#FFFFFF	#D3D3D3	271
2374	#FFFFFF	#D3D3D3	62
2375	#FFFFFF	#D3D3D3	62
2376	#FFFFFF	#D3D3D3	62
2377	#FFFFFF	#D3D3D3	271
2378	#FFFFFF	#D3D3D3	271
2379	#FFFFFF	#D3D3D3	271
2380	#FFFFFF	#D3D3D3	269
2381	#FFFFFF	#D3D3D3	269
2382	#FFFFFF	#D3D3D3	269
2383	#FFFFFF	#D3D3D3	269
2384	#FFFFFF	#D3D3D3	269
2385	#FFFFFF	#D3D3D3	269
2386	#FFFFFF	#D3D3D3	269
2387	#FFFFFF	#D3D3D3	62
2388	#FFFFFF	#D3D3D3	269
2389	#FFFFFF	#D3D3D3	269
2390	#FFFFFF	#D3D3D3	269
2391	#FFFFFF	#D3D3D3	269
2392	#FFFFFF	#D3D3D3	269
2393	#FFFFFF	#D3D3D3	269
2398	#FFFFFF	#D3D3D3	269
2409	#FFFFFF	#D3D3D3	269
2420	#FFFFFF	#D3D3D3	269
2421	#FFFFFF	#D3D3D3	269
2422	#FFFFFF	#D3D3D3	271
2423	#FFFFFF	#D3D3D3	271
2424	#FFFFFF	#D3D3D3	271
2425	#FFFFFF	#D3D3D3	62
2426	#FFFFFF	#D3D3D3	62
2427	#FFFFFF	#D3D3D3	62
2428	#FFFFFF	#D3D3D3	271
2429	#FFFFFF	#D3D3D3	271
2430	#FFFFFF	#D3D3D3	271
2431	#FFFFFF	#D3D3D3	269
2432	#FFFFFF	#D3D3D3	269
2433	#FFFFFF	#D3D3D3	269
2434	#FFFFFF	#D3D3D3	269
2435	#FFFFFF	#D3D3D3	269
2436	#FFFFFF	#D3D3D3	269
2437	#FFFFFF	#D3D3D3	269
2438	#FFFFFF	#D3D3D3	269
2439	#FFFFFF	#D3D3D3	269
2440	#FFFFFF	#D3D3D3	269
2441	#FFFFFF	#D3D3D3	269
2442	#FFFFFF	#D3D3D3	269
2443	#FFFFFF	#D3D3D3	269
2444	#FFFFFF	#D3D3D3	269
2449	#FFFFFF	#D3D3D3	269
2460	#FFFFFF	#D3D3D3	269
2470	#FFFFFF	#D3D3D3	269
2471	#FFFFFF	#D3D3D3	271
2472	#FFFFFF	#D3D3D3	269
2473	#FFFFFF	#D3D3D3	269
2474	#FFFFFF	#D3D3D3	271
2475	#FFFFFF	#D3D3D3	62
2476	#FFFFFF	#D3D3D3	62
2477	#FFFFFF	#D3D3D3	62
2478	#FFFFFF	#D3D3D3	271
2479	#FFFFFF	#D3D3D3	271
2480	#FFFFFF	#D3D3D3	271
2481	#FFFFFF	#D3D3D3	271
2482	#FFFFFF	#D3D3D3	269
2483	#FFFFFF	#D3D3D3	269
2484	#FFFFFF	#D3D3D3	269
2485	#FFFFFF	#D3D3D3	269
2486	#FFFFFF	#D3D3D3	269
2487	#FFFFFF	#D3D3D3	269
2488	#FFFFFF	#D3D3D3	269
2489	#FFFFFF	#D3D3D3	269
2490	#FFFFFF	#D3D3D3	269
2491	#FFFFFF	#D3D3D3	269
2492	#FFFFFF	#D3D3D3	269
2493	#FFFFFF	#D3D3D3	269
2494	#FFFFFF	#D3D3D3	269
2495	#FFFFFF	#D3D3D3	269
2499	#FFFFFF	#D3D3D3	269
2510	#FFFFFF	#D3D3D3	269
2521	#FFFFFF	#D3D3D3	269
2522	#FFFFFF	#D3D3D3	269
2523	#FFFFFF	#D3D3D3	269
2524	#FFFFFF	#D3D3D3	269
2525	#FFFFFF	#D3D3D3	271
2526	#FFFFFF	#D3D3D3	62
2527	#FFFFFF	#D3D3D3	62
2528	#FFFFFF	#D3D3D3	269
2529	#FFFFFF	#D3D3D3	271
2530	#FFFFFF	#D3D3D3	271
2531	#FFFFFF	#D3D3D3	271
2532	#FFFFFF	#D3D3D3	271
2533	#FFFFFF	#D3D3D3	269
2534	#FFFFFF	#D3D3D3	269
2535	#FFFFFF	#D3D3D3	269
2536	#FFFFFF	#D3D3D3	269
2537	#FFFFFF	#D3D3D3	269
2538	#FFFFFF	#D3D3D3	269
2539	#FFFFFF	#D3D3D3	269
2540	#FFFFFF	#D3D3D3	269
2541	#FFFFFF	#D3D3D3	269
2542	#FFFFFF	#D3D3D3	269
2543	#FFFFFF	#D3D3D3	269
2544	#FFFFFF	#D3D3D3	269
2545	#FFFFFF	#D3D3D3	269
2546	#FFFFFF	#D3D3D3	269
2550	#FFFFFF	#D3D3D3	269
2561	#FFFFFF	#D3D3D3	269
2571	#FFFFFF	#D3D3D3	269
2572	#FFFFFF	#D3D3D3	269
2573	#FFFFFF	#D3D3D3	269
2574	#FFFFFF	#D3D3D3	269
2575	#FFFFFF	#D3D3D3	271
2576	#FFFFFF	#D3D3D3	62
2577	#FFFFFF	#D3D3D3	62
2578	#FFFFFF	#D3D3D3	269
2579	#FFFFFF	#D3D3D3	271
2580	#FFFFFF	#D3D3D3	271
2581	#FFFFFF	#D3D3D3	271
2582	#FFFFFF	#D3D3D3	271
2583	#FFFFFF	#D3D3D3	269
2584	#FFFFFF	#D3D3D3	269
2585	#FFFFFF	#D3D3D3	269
2586	#FFFFFF	#D3D3D3	269
2587	#FFFFFF	#D3D3D3	269
2588	#FFFFFF	#D3D3D3	269
2589	#FFFFFF	#D3D3D3	269
2590	#FFFFFF	#D3D3D3	269
2591	#FFFFFF	#D3D3D3	269
2592	#FFFFFF	#D3D3D3	269
2593	#FFFFFF	#D3D3D3	269
2594	#FFFFFF	#D3D3D3	269
2595	#FFFFFF	#D3D3D3	269
2596	#FFFFFF	#D3D3D3	269
2597	#FFFFFF	#D3D3D3	269
2600	#FFFFFF	#D3D3D3	269
2611	#FFFFFF	#D3D3D3	269
2622	#FFFFFF	#D3D3D3	269
2623	#FFFFFF	#D3D3D3	269
2624	#FFFFFF	#D3D3D3	269
2625	#FFFFFF	#D3D3D3	269
2626	#FFFFFF	#D3D3D3	271
2627	#FFFFFF	#D3D3D3	62
2628	#FFFFFF	#D3D3D3	269
2629	#FFFFFF	#D3D3D3	269
2630	#FFFFFF	#D3D3D3	271
2631	#FFFFFF	#D3D3D3	271
2632	#FFFFFF	#D3D3D3	271
2633	#FFFFFF	#D3D3D3	269
2634	#FFFFFF	#D3D3D3	269
2635	#FFFFFF	#D3D3D3	269
2636	#FFFFFF	#D3D3D3	269
2637	#FFFFFF	#D3D3D3	269
2638	#FFFFFF	#D3D3D3	269
2639	#FFFFFF	#D3D3D3	269
2640	#FFFFFF	#D3D3D3	269
2641	#FFFFFF	#D3D3D3	269
2642	#FFFFFF	#D3D3D3	269
2643	#FFFFFF	#D3D3D3	269
2644	#FFFFFF	#D3D3D3	269
2645	#FFFFFF	#D3D3D3	269
2646	#FFFFFF	#D3D3D3	269
2647	#FFFFFF	#D3D3D3	269
2648	#FFFFFF	#D3D3D3	269
2651	#FFFFFF	#D3D3D3	269
2662	#FFFFFF	#D3D3D3	269
2672	#FFFFFF	#D3D3D3	269
2673	#FFFFFF	#D3D3D3	269
2674	#FFFFFF	#D3D3D3	269
2675	#FFFFFF	#D3D3D3	271
2676	#FFFFFF	#D3D3D3	271
2677	#FFFFFF	#D3D3D3	62
2678	#FFFFFF	#D3D3D3	269
2679	#FFFFFF	#D3D3D3	269
2680	#FFFFFF	#D3D3D3	271
2681	#FFFFFF	#D3D3D3	271
2682	#FFFFFF	#D3D3D3	269
2683	#FFFFFF	#D3D3D3	269
2684	#FFFFFF	#D3D3D3	269
2685	#FFFFFF	#D3D3D3	269
2686	#FFFFFF	#D3D3D3	269
2687	#FFFFFF	#D3D3D3	269
2688	#FFFFFF	#D3D3D3	269
2689	#FFFFFF	#D3D3D3	269
2690	#FFFFFF	#D3D3D3	269
2691	#FFFFFF	#D3D3D3	269
2692	#FFFFFF	#D3D3D3	269
2693	#FFFFFF	#D3D3D3	269
2694	#FFFFFF	#D3D3D3	269
2695	#FFFFFF	#D3D3D3	269
2696	#FFFFFF	#D3D3D3	269
2697	#FFFFFF	#D3D3D3	269
2698	#FFFFFF	#D3D3D3	269
2699	#FFFFFF	#D3D3D3	269
2701	#FFFFFF	#D3D3D3	269
2712	#FFFFFF	#D3D3D3	269
2723	#FFFFFF	#D3D3D3	269
2724	#FFFFFF	#D3D3D3	269
2725	#FFFFFF	#D3D3D3	269
2726	#FFFFFF	#D3D3D3	269
2727	#FFFFFF	#D3D3D3	271
2728	#FFFFFF	#D3D3D3	62
2729	#FFFFFF	#D3D3D3	62
2730	#FFFFFF	#D3D3D3	269
2731	#FFFFFF	#D3D3D3	271
2732	#FFFFFF	#D3D3D3	269
2733	#FFFFFF	#D3D3D3	269
2734	#FFFFFF	#D3D3D3	269
2735	#FFFFFF	#D3D3D3	269
2736	#FFFFFF	#D3D3D3	269
2737	#FFFFFF	#D3D3D3	269
2738	#FFFFFF	#D3D3D3	269
2739	#FFFFFF	#D3D3D3	269
2740	#FFFFFF	#D3D3D3	269
2741	#FFFFFF	#D3D3D3	269
2742	#FFFFFF	#D3D3D3	269
2743	#FFFFFF	#D3D3D3	269
2744	#FFFFFF	#D3D3D3	269
2745	#FFFFFF	#D3D3D3	269
2746	#FFFFFF	#D3D3D3	269
2747	#FFFFFF	#D3D3D3	269
2748	#FFFFFF	#D3D3D3	269
2749	#FFFFFF	#D3D3D3	269
2750	#FFFFFF	#D3D3D3	269
2752	#FFFFFF	#D3D3D3	269
2763	#FFFFFF	#D3D3D3	269
2773	#FFFFFF	#D3D3D3	269
2774	#FFFFFF	#D3D3D3	269
2775	#FFFFFF	#D3D3D3	269
2776	#FFFFFF	#D3D3D3	271
2777	#FFFFFF	#D3D3D3	269
2778	#FFFFFF	#D3D3D3	269
2779	#FFFFFF	#D3D3D3	62
2780	#FFFFFF	#D3D3D3	269
2781	#FFFFFF	#D3D3D3	269
2782	#FFFFFF	#D3D3D3	271
2783	#FFFFFF	#D3D3D3	269
2784	#FFFFFF	#D3D3D3	269
2785	#FFFFFF	#D3D3D3	269
2786	#FFFFFF	#D3D3D3	269
2787	#FFFFFF	#D3D3D3	269
2788	#FFFFFF	#D3D3D3	269
2789	#FFFFFF	#D3D3D3	269
2790	#FFFFFF	#D3D3D3	269
2791	#FFFFFF	#D3D3D3	269
2792	#FFFFFF	#D3D3D3	269
2793	#FFFFFF	#D3D3D3	269
2794	#FFFFFF	#D3D3D3	269
2795	#FFFFFF	#D3D3D3	269
2796	#FFFFFF	#D3D3D3	269
2797	#FFFFFF	#D3D3D3	269
2798	#FFFFFF	#D3D3D3	269
2799	#FFFFFF	#D3D3D3	269
2800	#FFFFFF	#D3D3D3	269
2801	#FFFFFF	#D3D3D3	269
2802	#FFFFFF	#D3D3D3	269
2813	#FFFFFF	#D3D3D3	269
2824	#FFFFFF	#D3D3D3	269
2825	#FFFFFF	#D3D3D3	269
2826	#FFFFFF	#D3D3D3	269
2827	#FFFFFF	#D3D3D3	269
2828	#FFFFFF	#D3D3D3	269
2829	#FFFFFF	#D3D3D3	269
2830	#FFFFFF	#D3D3D3	62
2831	#FFFFFF	#D3D3D3	269
2832	#FFFFFF	#D3D3D3	269
2833	#FFFFFF	#D3D3D3	269
2834	#FFFFFF	#D3D3D3	269
2835	#FFFFFF	#D3D3D3	269
2836	#FFFFFF	#D3D3D3	269
2837	#FFFFFF	#D3D3D3	269
2838	#FFFFFF	#D3D3D3	269
2839	#FFFFFF	#D3D3D3	269
2840	#FFFFFF	#D3D3D3	269
2841	#FFFFFF	#D3D3D3	269
2842	#FFFFFF	#D3D3D3	269
2843	#FFFFFF	#D3D3D3	269
2844	#FFFFFF	#D3D3D3	269
2845	#FFFFFF	#D3D3D3	269
2846	#FFFFFF	#D3D3D3	269
2847	#FFFFFF	#D3D3D3	269
2848	#FFFFFF	#D3D3D3	269
2849	#FFFFFF	#D3D3D3	269
2850	#FFFFFF	#D3D3D3	269
2851	#FFFFFF	#D3D3D3	269
2852	#FFFFFF	#D3D3D3	269
2853	#FFFFFF	#D3D3D3	269
2864	#FFFFFF	#D3D3D3	269
2874	#FFFFFF	#D3D3D3	269
2875	#FFFFFF	#D3D3D3	269
2876	#FFFFFF	#D3D3D3	269
2877	#FFFFFF	#D3D3D3	269
2878	#FFFFFF	#D3D3D3	269
2879	#FFFFFF	#D3D3D3	269
2880	#FFFFFF	#D3D3D3	269
2881	#FFFFFF	#D3D3D3	62
2882	#FFFFFF	#D3D3D3	269
2883	#FFFFFF	#D3D3D3	269
2884	#FFFFFF	#D3D3D3	269
2885	#FFFFFF	#D3D3D3	269
2886	#FFFFFF	#D3D3D3	269
2887	#FFFFFF	#D3D3D3	269
2888	#FFFFFF	#D3D3D3	269
2889	#FFFFFF	#D3D3D3	269
2890	#FFFFFF	#D3D3D3	269
2891	#FFFFFF	#D3D3D3	269
2892	#FFFFFF	#D3D3D3	269
2893	#FFFFFF	#D3D3D3	269
2894	#FFFFFF	#D3D3D3	269
2895	#FFFFFF	#D3D3D3	269
2896	#FFFFFF	#D3D3D3	269
2897	#FFFFFF	#D3D3D3	269
2898	#FFFFFF	#D3D3D3	269
2899	#FFFFFF	#D3D3D3	269
2900	#FFFFFF	#D3D3D3	269
2901	#FFFFFF	#D3D3D3	269
2902	#FFFFFF	#D3D3D3	269
2903	#FFFFFF	#D3D3D3	269
2904	#FFFFFF	#D3D3D3	269
2914	#FFFFFF	#D3D3D3	269
2925	#FFFFFF	#D3D3D3	269
2926	#FFFFFF	#D3D3D3	269
2927	#FFFFFF	#D3D3D3	269
2928	#FFFFFF	#D3D3D3	269
2929	#FFFFFF	#D3D3D3	269
2930	#FFFFFF	#D3D3D3	269
2931	#FFFFFF	#D3D3D3	62
2932	#FFFFFF	#D3D3D3	62
2933	#FFFFFF	#D3D3D3	269
2934	#FFFFFF	#D3D3D3	269
2935	#FFFFFF	#D3D3D3	269
2936	#FFFFFF	#D3D3D3	269
2937	#FFFFFF	#D3D3D3	269
2938	#FFFFFF	#D3D3D3	269
2939	#FFFFFF	#D3D3D3	269
2940	#FFFFFF	#D3D3D3	269
2941	#FFFFFF	#D3D3D3	269
2942	#FFFFFF	#D3D3D3	269
2943	#FFFFFF	#D3D3D3	269
2944	#FFFFFF	#D3D3D3	269
2945	#FFFFFF	#D3D3D3	269
2946	#FFFFFF	#D3D3D3	269
2947	#FFFFFF	#D3D3D3	269
2948	#FFFFFF	#D3D3D3	269
2949	#FFFFFF	#D3D3D3	269
2950	#FFFFFF	#D3D3D3	269
2951	#FFFFFF	#D3D3D3	269
2952	#FFFFFF	#D3D3D3	249
2953	#FFFFFF	#D3D3D3	269
2954	#FFFFFF	#D3D3D3	269
2955	#FFFFFF	#D3D3D3	269
2965	#FFFFFF	#D3D3D3	269
2975	#FFFFFF	#D3D3D3	269
2976	#FFFFFF	#D3D3D3	269
2977	#FFFFFF	#D3D3D3	269
2978	#FFFFFF	#D3D3D3	269
2979	#FFFFFF	#D3D3D3	269
2980	#FFFFFF	#D3D3D3	269
2981	#FFFFFF	#D3D3D3	62
2982	#FFFFFF	#D3D3D3	62
2983	#FFFFFF	#D3D3D3	269
2984	#FFFFFF	#D3D3D3	269
2985	#FFFFFF	#D3D3D3	269
2986	#FFFFFF	#D3D3D3	269
2987	#FFFFFF	#D3D3D3	269
2988	#FFFFFF	#D3D3D3	269
2989	#FFFFFF	#D3D3D3	269
2990	#FFFFFF	#D3D3D3	269
2991	#FFFFFF	#D3D3D3	269
2992	#FFFFFF	#D3D3D3	269
2993	#FFFFFF	#D3D3D3	62
2994	#FFFFFF	#D3D3D3	269
2995	#FFFFFF	#D3D3D3	269
2996	#FFFFFF	#D3D3D3	269
2997	#FFFFFF	#D3D3D3	269
2998	#FFFFFF	#D3D3D3	269
2999	#FFFFFF	#D3D3D3	269
3000	#FFFFFF	#D3D3D3	269
3001	#FFFFFF	#D3D3D3	269
3002	#FFFFFF	#D3D3D3	269
3003	#FFFFFF	#D3D3D3	249
3004	#FFFFFF	#D3D3D3	269
3005	#FFFFFF	#D3D3D3	249
3006	#FFFFFF	#D3D3D3	269
3015	#FFFFFF	#D3D3D3	269
3026	#FFFFFF	#D3D3D3	269
3027	#FFFFFF	#D3D3D3	269
3028	#FFFFFF	#D3D3D3	269
3029	#FFFFFF	#D3D3D3	269
3030	#FFFFFF	#D3D3D3	269
3031	#FFFFFF	#D3D3D3	269
3032	#FFFFFF	#D3D3D3	62
3033	#FFFFFF	#D3D3D3	62
3034	#FFFFFF	#D3D3D3	269
3035	#FFFFFF	#D3D3D3	269
3036	#FFFFFF	#D3D3D3	269
3037	#FFFFFF	#D3D3D3	269
3038	#FFFFFF	#D3D3D3	269
3039	#FFFFFF	#D3D3D3	269
3040	#FFFFFF	#D3D3D3	269
3041	#FFFFFF	#D3D3D3	269
3042	#FFFFFF	#D3D3D3	269
3043	#FFFFFF	#D3D3D3	269
3044	#FFFFFF	#D3D3D3	269
3045	#FFFFFF	#D3D3D3	269
3046	#FFFFFF	#D3D3D3	269
3047	#FFFFFF	#D3D3D3	269
3048	#FFFFFF	#D3D3D3	269
3049	#FFFFFF	#D3D3D3	269
3050	#FFFFFF	#D3D3D3	269
3051	#FFFFFF	#D3D3D3	269
3052	#FFFFFF	#D3D3D3	269
3053	#FFFFFF	#D3D3D3	249
3054	#FFFFFF	#D3D3D3	249
3055	#FFFFFF	#D3D3D3	269
3056	#FFFFFF	#D3D3D3	249
3057	#FFFFFF	#D3D3D3	269
3066	#FFFFFF	#D3D3D3	269
3076	#FFFFFF	#D3D3D3	269
3077	#FFFFFF	#D3D3D3	269
3078	#FFFFFF	#D3D3D3	269
3079	#FFFFFF	#D3D3D3	269
3080	#FFFFFF	#D3D3D3	269
3081	#FFFFFF	#D3D3D3	269
3082	#FFFFFF	#D3D3D3	269
3083	#FFFFFF	#D3D3D3	62
3084	#FFFFFF	#D3D3D3	269
3085	#FFFFFF	#D3D3D3	269
3086	#FFFFFF	#D3D3D3	269
3087	#FFFFFF	#D3D3D3	269
3088	#FFFFFF	#D3D3D3	269
3089	#FFFFFF	#D3D3D3	269
3090	#FFFFFF	#D3D3D3	269
3091	#FFFFFF	#D3D3D3	269
3092	#FFFFFF	#D3D3D3	269
3093	#FFFFFF	#D3D3D3	269
3094	#FFFFFF	#D3D3D3	62
3095	#FFFFFF	#D3D3D3	269
3096	#FFFFFF	#D3D3D3	269
3097	#FFFFFF	#D3D3D3	269
3098	#FFFFFF	#D3D3D3	269
3099	#FFFFFF	#D3D3D3	269
3100	#FFFFFF	#D3D3D3	269
3101	#FFFFFF	#D3D3D3	269
3102	#FFFFFF	#D3D3D3	269
3103	#FFFFFF	#D3D3D3	249
3104	#FFFFFF	#D3D3D3	249
3105	#FFFFFF	#D3D3D3	62
3106	#FFFFFF	#D3D3D3	249
3107	#FFFFFF	#D3D3D3	249
3108	#FFFFFF	#D3D3D3	269
3116	#FFFFFF	#D3D3D3	269
3127	#FFFFFF	#D3D3D3	269
3128	#FFFFFF	#D3D3D3	269
3129	#FFFFFF	#D3D3D3	269
3130	#FFFFFF	#D3D3D3	269
3131	#FFFFFF	#D3D3D3	269
3132	#FFFFFF	#D3D3D3	269
3133	#FFFFFF	#D3D3D3	269
3134	#FFFFFF	#D3D3D3	62
3135	#FFFFFF	#D3D3D3	269
3136	#FFFFFF	#D3D3D3	269
3137	#FFFFFF	#D3D3D3	269
3138	#FFFFFF	#D3D3D3	269
3139	#FFFFFF	#D3D3D3	269
3140	#FFFFFF	#D3D3D3	269
3141	#FFFFFF	#D3D3D3	269
3142	#FFFFFF	#D3D3D3	269
3143	#FFFFFF	#D3D3D3	269
3144	#FFFFFF	#D3D3D3	269
3145	#FFFFFF	#D3D3D3	62
3146	#FFFFFF	#D3D3D3	269
3147	#FFFFFF	#D3D3D3	269
3148	#FFFFFF	#D3D3D3	269
3149	#FFFFFF	#D3D3D3	269
3150	#FFFFFF	#D3D3D3	269
3151	#FFFFFF	#D3D3D3	269
3152	#FFFFFF	#D3D3D3	269
3153	#FFFFFF	#D3D3D3	249
3154	#FFFFFF	#D3D3D3	249
3155	#FFFFFF	#D3D3D3	249
3156	#FFFFFF	#D3D3D3	62
3158	#FFFFFF	#D3D3D3	249
3159	#FFFFFF	#D3D3D3	269
3167	#FFFFFF	#D3D3D3	269
3177	#FFFFFF	#D3D3D3	269
3178	#FFFFFF	#D3D3D3	269
3179	#FFFFFF	#D3D3D3	269
3180	#FFFFFF	#D3D3D3	269
3181	#FFFFFF	#D3D3D3	269
3182	#FFFFFF	#D3D3D3	269
3183	#FFFFFF	#D3D3D3	269
3184	#FFFFFF	#D3D3D3	269
3185	#FFFFFF	#D3D3D3	269
3186	#FFFFFF	#D3D3D3	269
3187	#FFFFFF	#D3D3D3	269
3188	#FFFFFF	#D3D3D3	269
3189	#FFFFFF	#D3D3D3	269
3190	#FFFFFF	#D3D3D3	269
3191	#FFFFFF	#D3D3D3	269
3192	#FFFFFF	#D3D3D3	269
3193	#FFFFFF	#D3D3D3	269
3194	#FFFFFF	#D3D3D3	269
3195	#FFFFFF	#D3D3D3	62
3196	#FFFFFF	#D3D3D3	269
3197	#FFFFFF	#D3D3D3	269
3198	#FFFFFF	#D3D3D3	269
3199	#FFFFFF	#D3D3D3	269
3200	#FFFFFF	#D3D3D3	269
3201	#FFFFFF	#D3D3D3	269
3202	#FFFFFF	#D3D3D3	269
3203	#FFFFFF	#D3D3D3	269
3204	#FFFFFF	#D3D3D3	249
3205	#FFFFFF	#D3D3D3	249
3206	#FFFFFF	#D3D3D3	62
3207	#FFFFFF	#D3D3D3	249
3208	#FFFFFF	#D3D3D3	249
3209	#FFFFFF	#D3D3D3	249
3210	#FFFFFF	#D3D3D3	269
3217	#FFFFFF	#D3D3D3	62
3228	#FFFFFF	#D3D3D3	269
3229	#FFFFFF	#D3D3D3	269
3230	#FFFFFF	#D3D3D3	269
3231	#FFFFFF	#D3D3D3	269
3232	#FFFFFF	#D3D3D3	269
3233	#FFFFFF	#D3D3D3	269
3234	#FFFFFF	#D3D3D3	269
3235	#FFFFFF	#D3D3D3	62
3236	#FFFFFF	#D3D3D3	269
3237	#FFFFFF	#D3D3D3	269
3238	#FFFFFF	#D3D3D3	269
3239	#FFFFFF	#D3D3D3	269
3240	#FFFFFF	#D3D3D3	269
3241	#FFFFFF	#D3D3D3	269
3242	#FFFFFF	#D3D3D3	269
3243	#FFFFFF	#D3D3D3	269
3244	#FFFFFF	#D3D3D3	269
3245	#FFFFFF	#D3D3D3	269
3246	#FFFFFF	#D3D3D3	62
3247	#FFFFFF	#D3D3D3	269
3248	#FFFFFF	#D3D3D3	269
3249	#FFFFFF	#D3D3D3	269
3250	#FFFFFF	#D3D3D3	269
3251	#FFFFFF	#D3D3D3	269
3252	#FFFFFF	#D3D3D3	269
3253	#FFFFFF	#D3D3D3	269
3254	#FFFFFF	#D3D3D3	171
3255	#FFFFFF	#D3D3D3	249
3256	#FFFFFF	#D3D3D3	249
3257	#FFFFFF	#D3D3D3	62
3258	#FFFFFF	#D3D3D3	249
3259	#FFFFFF	#D3D3D3	249
3260	#FFFFFF	#D3D3D3	249
3261	#FFFFFF	#D3D3D3	269
3268	#FFFFFF	#D3D3D3	62
3278	#FFFFFF	#D3D3D3	269
3279	#FFFFFF	#D3D3D3	269
3280	#FFFFFF	#D3D3D3	269
3281	#FFFFFF	#D3D3D3	269
3282	#FFFFFF	#D3D3D3	269
3283	#FFFFFF	#D3D3D3	269
3284	#FFFFFF	#D3D3D3	269
3285	#FFFFFF	#D3D3D3	62
3286	#FFFFFF	#D3D3D3	269
3287	#FFFFFF	#D3D3D3	269
3288	#FFFFFF	#D3D3D3	269
3289	#FFFFFF	#D3D3D3	269
3290	#FFFFFF	#D3D3D3	269
3291	#FFFFFF	#D3D3D3	269
3292	#FFFFFF	#D3D3D3	269
3293	#FFFFFF	#D3D3D3	269
3294	#FFFFFF	#D3D3D3	269
3295	#FFFFFF	#D3D3D3	269
3296	#FFFFFF	#D3D3D3	62
3297	#FFFFFF	#D3D3D3	269
3298	#FFFFFF	#D3D3D3	269
3299	#FFFFFF	#D3D3D3	269
3300	#FFFFFF	#D3D3D3	269
3301	#FFFFFF	#D3D3D3	269
3302	#FFFFFF	#D3D3D3	269
3303	#FFFFFF	#D3D3D3	269
3304	#FFFFFF	#D3D3D3	171
3305	#FFFFFF	#D3D3D3	249
3306	#FFFFFF	#D3D3D3	249
3307	#FFFFFF	#D3D3D3	62
3308	#FFFFFF	#D3D3D3	249
3309	#FFFFFF	#D3D3D3	249
3310	#FFFFFF	#D3D3D3	249
3311	#FFFFFF	#D3D3D3	249
3312	#FFFFFF	#D3D3D3	249
3318	#FFFFFF	#D3D3D3	62
3329	#FFFFFF	#D3D3D3	62
3330	#FFFFFF	#D3D3D3	269
3331	#FFFFFF	#D3D3D3	269
3332	#FFFFFF	#D3D3D3	269
3333	#FFFFFF	#D3D3D3	269
3334	#FFFFFF	#D3D3D3	269
3335	#FFFFFF	#D3D3D3	62
3336	#FFFFFF	#D3D3D3	62
3337	#FFFFFF	#D3D3D3	269
3338	#FFFFFF	#D3D3D3	269
3339	#FFFFFF	#D3D3D3	269
3340	#FFFFFF	#D3D3D3	269
3341	#FFFFFF	#D3D3D3	269
3342	#FFFFFF	#D3D3D3	269
3343	#FFFFFF	#D3D3D3	269
3344	#FFFFFF	#D3D3D3	269
3345	#FFFFFF	#D3D3D3	269
3346	#FFFFFF	#D3D3D3	269
3347	#FFFFFF	#D3D3D3	62
3348	#FFFFFF	#D3D3D3	269
3349	#FFFFFF	#D3D3D3	269
3350	#FFFFFF	#D3D3D3	269
3351	#FFFFFF	#D3D3D3	269
3352	#FFFFFF	#D3D3D3	269
3353	#FFFFFF	#D3D3D3	269
3354	#FFFFFF	#D3D3D3	269
3355	#FFFFFF	#D3D3D3	171
3356	#FFFFFF	#D3D3D3	249
3357	#FFFFFF	#D3D3D3	249
3358	#FFFFFF	#D3D3D3	62
3359	#FFFFFF	#D3D3D3	249
3360	#FFFFFF	#D3D3D3	249
3361	#FFFFFF	#D3D3D3	249
3362	#FFFFFF	#D3D3D3	249
3363	#FFFFFF	#D3D3D3	249
3369	#FFFFFF	#D3D3D3	62
3379	#FFFFFF	#D3D3D3	62
3380	#FFFFFF	#D3D3D3	269
3381	#FFFFFF	#D3D3D3	269
3382	#FFFFFF	#D3D3D3	269
3383	#FFFFFF	#D3D3D3	269
3384	#FFFFFF	#D3D3D3	270
3435	#FFFFFF	#D3D3D3	270
3485	#FFFFFF	#D3D3D3	269
3486	#FFFFFF	#D3D3D3	62
3487	#FFFFFF	#D3D3D3	62
3488	#FFFFFF	#D3D3D3	269
3489	#FFFFFF	#D3D3D3	269
3490	#FFFFFF	#D3D3D3	269
3491	#FFFFFF	#D3D3D3	269
3492	#FFFFFF	#D3D3D3	269
3493	#FFFFFF	#D3D3D3	269
3494	#FFFFFF	#D3D3D3	269
3495	#FFFFFF	#D3D3D3	269
3496	#FFFFFF	#D3D3D3	269
3497	#FFFFFF	#D3D3D3	269
3498	#FFFFFF	#D3D3D3	62
3499	#FFFFFF	#D3D3D3	269
3500	#FFFFFF	#D3D3D3	269
3501	#FFFFFF	#D3D3D3	269
3502	#FFFFFF	#D3D3D3	269
3503	#FFFFFF	#D3D3D3	269
3504	#FFFFFF	#D3D3D3	269
3505	#FFFFFF	#D3D3D3	269
3506	#FFFFFF	#D3D3D3	171
3507	#FFFFFF	#D3D3D3	249
3508	#FFFFFF	#D3D3D3	249
3509	#FFFFFF	#D3D3D3	62
3510	#FFFFFF	#D3D3D3	249
3512	#FFFFFF	#D3D3D3	249
3513	#FFFFFF	#D3D3D3	249
3514	#FFFFFF	#D3D3D3	249
3515	#FFFFFF	#D3D3D3	249
3520	#FFFFFF	#D3D3D3	62
3531	#FFFFFF	#D3D3D3	62
3532	#FFFFFF	#D3D3D3	62
3533	#FFFFFF	#D3D3D3	269
3534	#FFFFFF	#D3D3D3	269
3535	#FFFFFF	#D3D3D3	269
3536	#FFFFFF	#D3D3D3	62
3537	#FFFFFF	#D3D3D3	62
3538	#FFFFFF	#D3D3D3	62
3539	#FFFFFF	#D3D3D3	269
3540	#FFFFFF	#D3D3D3	269
3541	#FFFFFF	#D3D3D3	269
3542	#FFFFFF	#D3D3D3	269
3543	#FFFFFF	#D3D3D3	269
3544	#FFFFFF	#D3D3D3	269
3545	#FFFFFF	#D3D3D3	269
3546	#FFFFFF	#D3D3D3	269
3547	#FFFFFF	#D3D3D3	269
3548	#FFFFFF	#D3D3D3	269
3549	#FFFFFF	#D3D3D3	62
3550	#FFFFFF	#D3D3D3	269
3551	#FFFFFF	#D3D3D3	269
3552	#FFFFFF	#D3D3D3	269
3553	#FFFFFF	#D3D3D3	269
3554	#FFFFFF	#D3D3D3	269
3555	#FFFFFF	#D3D3D3	269
3556	#FFFFFF	#D3D3D3	171
3557	#FFFFFF	#D3D3D3	171
3558	#FFFFFF	#D3D3D3	171
3559	#FFFFFF	#D3D3D3	249
3560	#FFFFFF	#D3D3D3	62
3561	#FFFFFF	#D3D3D3	249
3562	#FFFFFF	#D3D3D3	249
3563	#FFFFFF	#D3D3D3	249
3564	#FFFFFF	#D3D3D3	249
3565	#FFFFFF	#D3D3D3	249
3566	#FFFFFF	#D3D3D3	249
3571	#FFFFFF	#D3D3D3	62
3581	#FFFFFF	#D3D3D3	62
3582	#FFFFFF	#D3D3D3	62
3583	#FFFFFF	#D3D3D3	269
3584	#FFFFFF	#D3D3D3	269
3585	#FFFFFF	#D3D3D3	269
3586	#FFFFFF	#D3D3D3	62
3587	#FFFFFF	#D3D3D3	62
3588	#FFFFFF	#D3D3D3	62
3589	#FFFFFF	#D3D3D3	269
3590	#FFFFFF	#D3D3D3	269
3591	#FFFFFF	#D3D3D3	269
3592	#FFFFFF	#D3D3D3	269
3593	#FFFFFF	#D3D3D3	269
3594	#FFFFFF	#D3D3D3	269
3595	#FFFFFF	#D3D3D3	269
3596	#FFFFFF	#D3D3D3	269
3597	#FFFFFF	#D3D3D3	269
3598	#FFFFFF	#D3D3D3	269
3599	#FFFFFF	#D3D3D3	62
3600	#FFFFFF	#D3D3D3	269
3601	#FFFFFF	#D3D3D3	269
3602	#FFFFFF	#D3D3D3	269
3603	#FFFFFF	#D3D3D3	269
3604	#FFFFFF	#D3D3D3	269
3605	#FFFFFF	#D3D3D3	269
3606	#FFFFFF	#D3D3D3	269
3607	#FFFFFF	#D3D3D3	171
3608	#FFFFFF	#D3D3D3	171
3609	#FFFFFF	#D3D3D3	249
3610	#FFFFFF	#D3D3D3	62
3611	#FFFFFF	#D3D3D3	249
3612	#FFFFFF	#D3D3D3	249
3614	#FFFFFF	#D3D3D3	249
3615	#FFFFFF	#D3D3D3	249
3616	#FFFFFF	#D3D3D3	249
3617	#FFFFFF	#D3D3D3	249
3621	#FFFFFF	#D3D3D3	62
3632	#FFFFFF	#D3D3D3	62
3633	#FFFFFF	#D3D3D3	62
3634	#FFFFFF	#D3D3D3	62
3635	#FFFFFF	#D3D3D3	62
3636	#FFFFFF	#D3D3D3	269
3637	#FFFFFF	#D3D3D3	62
3638	#FFFFFF	#D3D3D3	62
3639	#FFFFFF	#D3D3D3	62
3640	#FFFFFF	#D3D3D3	269
3641	#FFFFFF	#D3D3D3	269
3642	#FFFFFF	#D3D3D3	269
3643	#FFFFFF	#D3D3D3	269
3644	#FFFFFF	#D3D3D3	269
3645	#FFFFFF	#D3D3D3	269
3646	#FFFFFF	#D3D3D3	269
3647	#FFFFFF	#D3D3D3	269
3648	#FFFFFF	#D3D3D3	269
3649	#FFFFFF	#D3D3D3	269
3650	#FFFFFF	#D3D3D3	62
3651	#FFFFFF	#D3D3D3	269
3652	#FFFFFF	#D3D3D3	269
3653	#FFFFFF	#D3D3D3	269
3654	#FFFFFF	#D3D3D3	171
3655	#FFFFFF	#D3D3D3	269
3656	#FFFFFF	#D3D3D3	269
3657	#FFFFFF	#D3D3D3	171
3658	#FFFFFF	#D3D3D3	171
3659	#FFFFFF	#D3D3D3	249
3660	#FFFFFF	#D3D3D3	249
3661	#FFFFFF	#D3D3D3	62
3662	#FFFFFF	#D3D3D3	249
3663	#FFFFFF	#D3D3D3	249
3664	#FFFFFF	#D3D3D3	249
3665	#FFFFFF	#D3D3D3	249
3666	#FFFFFF	#D3D3D3	249
3667	#FFFFFF	#D3D3D3	249
3668	#FFFFFF	#D3D3D3	178
3672	#FFFFFF	#D3D3D3	62
3682	#FFFFFF	#D3D3D3	62
3683	#FFFFFF	#D3D3D3	62
3684	#FFFFFF	#D3D3D3	62
3685	#FFFFFF	#D3D3D3	269
3686	#FFFFFF	#D3D3D3	269
3687	#FFFFFF	#D3D3D3	62
3688	#FFFFFF	#D3D3D3	62
3689	#FFFFFF	#D3D3D3	62
3690	#FFFFFF	#D3D3D3	269
3691	#FFFFFF	#D3D3D3	269
3692	#FFFFFF	#D3D3D3	269
3693	#FFFFFF	#D3D3D3	269
3694	#FFFFFF	#D3D3D3	269
3695	#FFFFFF	#D3D3D3	269
3696	#FFFFFF	#D3D3D3	269
3697	#FFFFFF	#D3D3D3	269
3698	#FFFFFF	#D3D3D3	269
3699	#FFFFFF	#D3D3D3	269
3700	#FFFFFF	#D3D3D3	62
3701	#FFFFFF	#D3D3D3	269
3702	#FFFFFF	#D3D3D3	269
3703	#FFFFFF	#D3D3D3	269
3704	#FFFFFF	#D3D3D3	171
3705	#FFFFFF	#D3D3D3	171
3706	#FFFFFF	#D3D3D3	171
3707	#FFFFFF	#D3D3D3	171
3708	#FFFFFF	#D3D3D3	171
3709	#FFFFFF	#D3D3D3	171
3710	#FFFFFF	#D3D3D3	249
3711	#FFFFFF	#D3D3D3	62
3712	#FFFFFF	#D3D3D3	249
3713	#FFFFFF	#D3D3D3	249
3714	#FFFFFF	#D3D3D3	249
3715	#FFFFFF	#D3D3D3	249
3716	#FFFFFF	#D3D3D3	249
3717	#FFFFFF	#D3D3D3	249
3718	#FFFFFF	#D3D3D3	249
3719	#FFFFFF	#D3D3D3	178
3722	#FFFFFF	#D3D3D3	62
3733	#FFFFFF	#D3D3D3	62
3734	#FFFFFF	#D3D3D3	62
3735	#FFFFFF	#D3D3D3	62
3736	#FFFFFF	#D3D3D3	62
3737	#FFFFFF	#D3D3D3	269
3738	#FFFFFF	#D3D3D3	62
3739	#FFFFFF	#D3D3D3	62
3740	#FFFFFF	#D3D3D3	62
3741	#FFFFFF	#D3D3D3	269
3742	#FFFFFF	#D3D3D3	269
3743	#FFFFFF	#D3D3D3	269
3744	#FFFFFF	#D3D3D3	269
3745	#FFFFFF	#D3D3D3	269
3746	#FFFFFF	#D3D3D3	269
3747	#FFFFFF	#D3D3D3	269
3748	#FFFFFF	#D3D3D3	269
3749	#FFFFFF	#D3D3D3	269
3750	#FFFFFF	#D3D3D3	269
3751	#FFFFFF	#D3D3D3	62
3752	#FFFFFF	#D3D3D3	269
3753	#FFFFFF	#D3D3D3	269
3754	#FFFFFF	#D3D3D3	269
3755	#FFFFFF	#D3D3D3	171
3756	#FFFFFF	#D3D3D3	171
3757	#FFFFFF	#D3D3D3	171
3758	#FFFFFF	#D3D3D3	171
3759	#FFFFFF	#D3D3D3	171
3760	#FFFFFF	#D3D3D3	171
3761	#FFFFFF	#D3D3D3	171
3762	#FFFFFF	#D3D3D3	62
3763	#FFFFFF	#D3D3D3	171
3764	#FFFFFF	#D3D3D3	249
3765	#FFFFFF	#D3D3D3	249
3766	#FFFFFF	#D3D3D3	249
3768	#FFFFFF	#D3D3D3	249
3769	#FFFFFF	#D3D3D3	249
3770	#FFFFFF	#D3D3D3	178
3773	#FFFFFF	#D3D3D3	62
3783	#FFFFFF	#D3D3D3	62
3784	#FFFFFF	#D3D3D3	62
3785	#FFFFFF	#D3D3D3	62
3786	#FFFFFF	#D3D3D3	269
3787	#FFFFFF	#D3D3D3	269
3788	#FFFFFF	#D3D3D3	62
3789	#FFFFFF	#D3D3D3	62
3790	#FFFFFF	#D3D3D3	62
3791	#FFFFFF	#D3D3D3	269
3792	#FFFFFF	#D3D3D3	269
3793	#FFFFFF	#D3D3D3	269
3794	#FFFFFF	#D3D3D3	269
3795	#FFFFFF	#D3D3D3	269
3796	#FFFFFF	#D3D3D3	269
3797	#FFFFFF	#D3D3D3	269
3798	#FFFFFF	#D3D3D3	269
3799	#FFFFFF	#D3D3D3	269
3800	#FFFFFF	#D3D3D3	269
3801	#FFFFFF	#D3D3D3	62
3802	#FFFFFF	#D3D3D3	269
3803	#FFFFFF	#D3D3D3	269
3804	#FFFFFF	#D3D3D3	269
3805	#FFFFFF	#D3D3D3	171
3806	#FFFFFF	#D3D3D3	171
3807	#FFFFFF	#D3D3D3	171
3808	#FFFFFF	#D3D3D3	171
3809	#FFFFFF	#D3D3D3	171
3810	#FFFFFF	#D3D3D3	171
3811	#FFFFFF	#D3D3D3	171
3812	#FFFFFF	#D3D3D3	62
3813	#FFFFFF	#D3D3D3	171
3814	#FFFFFF	#D3D3D3	249
3815	#FFFFFF	#D3D3D3	249
3816	#FFFFFF	#D3D3D3	249
3817	#FFFFFF	#D3D3D3	249
3818	#FFFFFF	#D3D3D3	249
3819	#FFFFFF	#D3D3D3	249
3820	#FFFFFF	#D3D3D3	249
3821	#FFFFFF	#D3D3D3	178
3823	#FFFFFF	#D3D3D3	62
3834	#FFFFFF	#D3D3D3	62
3835	#FFFFFF	#D3D3D3	62
3836	#FFFFFF	#D3D3D3	62
3837	#FFFFFF	#D3D3D3	269
3838	#FFFFFF	#D3D3D3	269
3839	#FFFFFF	#D3D3D3	62
3840	#FFFFFF	#D3D3D3	62
3841	#FFFFFF	#D3D3D3	62
3842	#FFFFFF	#D3D3D3	269
3843	#FFFFFF	#D3D3D3	269
3844	#FFFFFF	#D3D3D3	269
3845	#FFFFFF	#D3D3D3	269
3846	#FFFFFF	#D3D3D3	269
3847	#FFFFFF	#D3D3D3	269
3848	#FFFFFF	#D3D3D3	269
3849	#FFFFFF	#D3D3D3	269
3850	#FFFFFF	#D3D3D3	269
3851	#FFFFFF	#D3D3D3	269
3852	#FFFFFF	#D3D3D3	62
3853	#FFFFFF	#D3D3D3	269
3854	#FFFFFF	#D3D3D3	269
3855	#FFFFFF	#D3D3D3	171
3856	#FFFFFF	#D3D3D3	171
3857	#FFFFFF	#D3D3D3	171
3858	#FFFFFF	#D3D3D3	171
3859	#FFFFFF	#D3D3D3	171
3860	#FFFFFF	#D3D3D3	171
3861	#FFFFFF	#D3D3D3	171
3862	#FFFFFF	#D3D3D3	171
3863	#FFFFFF	#D3D3D3	62
3864	#FFFFFF	#D3D3D3	171
3865	#FFFFFF	#D3D3D3	171
3866	#FFFFFF	#D3D3D3	249
3867	#FFFFFF	#D3D3D3	249
3868	#FFFFFF	#D3D3D3	249
3869	#FFFFFF	#D3D3D3	249
3870	#FFFFFF	#D3D3D3	249
3871	#FFFFFF	#D3D3D3	249
3872	#FFFFFF	#D3D3D3	178
3874	#FFFFFF	#D3D3D3	62
3884	#FFFFFF	#D3D3D3	62
3885	#FFFFFF	#D3D3D3	62
3886	#FFFFFF	#D3D3D3	269
3887	#FFFFFF	#D3D3D3	269
3888	#FFFFFF	#D3D3D3	269
3889	#FFFFFF	#D3D3D3	62
3890	#FFFFFF	#D3D3D3	62
3891	#FFFFFF	#D3D3D3	62
3892	#FFFFFF	#D3D3D3	269
3893	#FFFFFF	#D3D3D3	269
3894	#FFFFFF	#D3D3D3	269
3895	#FFFFFF	#D3D3D3	269
3896	#FFFFFF	#D3D3D3	269
3897	#FFFFFF	#D3D3D3	269
3898	#FFFFFF	#D3D3D3	269
3899	#FFFFFF	#D3D3D3	269
3900	#FFFFFF	#D3D3D3	269
3901	#FFFFFF	#D3D3D3	269
3902	#FFFFFF	#D3D3D3	62
3903	#FFFFFF	#D3D3D3	269
3904	#FFFFFF	#D3D3D3	171
3905	#FFFFFF	#D3D3D3	171
3906	#FFFFFF	#D3D3D3	171
3907	#FFFFFF	#D3D3D3	171
3908	#FFFFFF	#D3D3D3	171
3909	#FFFFFF	#D3D3D3	171
3910	#FFFFFF	#D3D3D3	171
3911	#FFFFFF	#D3D3D3	171
3912	#FFFFFF	#D3D3D3	171
3913	#FFFFFF	#D3D3D3	62
3914	#FFFFFF	#D3D3D3	171
3915	#FFFFFF	#D3D3D3	171
3916	#FFFFFF	#D3D3D3	249
3917	#FFFFFF	#D3D3D3	249
3918	#FFFFFF	#D3D3D3	249
3919	#FFFFFF	#D3D3D3	249
3920	#FFFFFF	#D3D3D3	249
3921	#FFFFFF	#D3D3D3	249
3922	#FFFFFF	#D3D3D3	249
3923	#FFFFFF	#D3D3D3	178
3924	#FFFFFF	#D3D3D3	62
3935	#FFFFFF	#D3D3D3	62
3936	#FFFFFF	#D3D3D3	62
3937	#FFFFFF	#D3D3D3	269
3938	#FFFFFF	#D3D3D3	269
3939	#FFFFFF	#D3D3D3	269
3940	#FFFFFF	#D3D3D3	62
3941	#FFFFFF	#D3D3D3	62
3942	#FFFFFF	#D3D3D3	62
3943	#FFFFFF	#D3D3D3	269
3944	#FFFFFF	#D3D3D3	269
3945	#FFFFFF	#D3D3D3	269
3946	#FFFFFF	#D3D3D3	269
3947	#FFFFFF	#D3D3D3	269
3948	#FFFFFF	#D3D3D3	269
3949	#FFFFFF	#D3D3D3	269
3950	#FFFFFF	#D3D3D3	269
3951	#FFFFFF	#D3D3D3	269
3952	#FFFFFF	#D3D3D3	269
3953	#FFFFFF	#D3D3D3	62
3954	#FFFFFF	#D3D3D3	269
3955	#FFFFFF	#D3D3D3	171
3956	#FFFFFF	#D3D3D3	171
3957	#FFFFFF	#D3D3D3	171
3958	#FFFFFF	#D3D3D3	171
3959	#FFFFFF	#D3D3D3	171
3960	#FFFFFF	#D3D3D3	171
3961	#FFFFFF	#D3D3D3	171
3962	#FFFFFF	#D3D3D3	171
3963	#FFFFFF	#D3D3D3	171
3964	#FFFFFF	#D3D3D3	62
3965	#FFFFFF	#D3D3D3	171
3966	#FFFFFF	#D3D3D3	171
3967	#FFFFFF	#D3D3D3	171
3968	#FFFFFF	#D3D3D3	249
3969	#FFFFFF	#D3D3D3	249
3970	#FFFFFF	#D3D3D3	249
3971	#FFFFFF	#D3D3D3	249
3972	#FFFFFF	#D3D3D3	249
3973	#FFFFFF	#D3D3D3	178
3974	#FFFFFF	#D3D3D3	178
3975	#FFFFFF	#D3D3D3	62
3985	#FFFFFF	#D3D3D3	62
3986	#FFFFFF	#D3D3D3	269
3987	#FFFFFF	#D3D3D3	269
3988	#FFFFFF	#D3D3D3	269
3989	#FFFFFF	#D3D3D3	269
4041	#FFFFFF	#D3D3D3	270
4042	#FFFFFF	#D3D3D3	270
4092	#FFFFFF	#D3D3D3	270
4093	#FFFFFF	#D3D3D3	270
4142	#FFFFFF	#D3D3D3	270
4143	#FFFFFF	#D3D3D3	270
4144	#FFFFFF	#D3D3D3	270
4193	#FFFFFF	#D3D3D3	270
4194	#FFFFFF	#D3D3D3	270
4195	#FFFFFF	#D3D3D3	270
4243	#FFFFFF	#D3D3D3	270
4244	#FFFFFF	#D3D3D3	270
4245	#FFFFFF	#D3D3D3	270
4256	#FFFFFF	#D3D3D3	269
4294	#FFFFFF	#D3D3D3	270
4295	#FFFFFF	#D3D3D3	270
4296	#FFFFFF	#D3D3D3	270
4307	#FFFFFF	#D3D3D3	269
4344	#FFFFFF	#D3D3D3	270
4345	#FFFFFF	#D3D3D3	270
4346	#FFFFFF	#D3D3D3	270
4357	#FFFFFF	#D3D3D3	270
4368	#FFFFFF	#D3D3D3	269
4395	#FFFFFF	#D3D3D3	270
4396	#FFFFFF	#D3D3D3	270
4397	#FFFFFF	#D3D3D3	270
4408	#FFFFFF	#D3D3D3	270
4419	#FFFFFF	#D3D3D3	269
4445	#FFFFFF	#D3D3D3	270
4446	#FFFFFF	#D3D3D3	270
4447	#FFFFFF	#D3D3D3	270
4458	#FFFFFF	#D3D3D3	270
4469	#FFFFFF	#D3D3D3	270
4480	#FFFFFF	#D3D3D3	269
4496	#FFFFFF	#D3D3D3	270
4497	#FFFFFF	#D3D3D3	270
4498	#FFFFFF	#D3D3D3	270
4509	#FFFFFF	#D3D3D3	270
4520	#FFFFFF	#D3D3D3	270
4531	#FFFFFF	#D3D3D3	269
